[[217.21661395 227.42986664 237.80452556 248.04779104 257.98167995
  267.57178505 276.80043011 285.6349218  294.04822844 302.02920057
  309.57597306 316.69154493 323.37928763 329.64244408 335.48323042
  340.90297838 345.90076531 350.46908195 354.58669056 358.21161553
  361.28280548]
 [228.77515914 239.38355886 250.48397678 261.32889705 271.554496
  281.23343018 290.47549772 299.3057729  307.71353599 315.69295427
  323.24345965 330.36932194 337.07485541 343.36405768 349.23964376
  354.70310833 359.75326429 364.38179408 368.56595012 372.26137964
  375.40375834]
 [242.53031652 253.37169637 264.8976408  276.0901814  286.47781122
  296.19817691 305.43751027 314.25647259 322.65540639 330.63268895
  338.18932951 345.33114279 352.06347399 358.39115649 364.31744063
  369.84390437 374.96879737 379.68233296 383.95904796 387.75031064
  390.98602094]
 [256.20054915 267.02175188 278.50886916 289.66465407 300.0265491
  309.7282271  318.95200141 327.75834276 336.14909263 344.12414806
  351.6858715  358.84139659 365.59693719 371.95803531 377.92839587
  383.5096499  388.69949271 393.4866883  397.84305376 401.71563806
  405.02855259]
 [267.60375444 278.33373682 289.6522761  300.66518424 310.95133118
  320.62060232 329.82834706 338.62422965 347.00836433 354.98097165
  362.54534206 369.70952043 376.48031958 382.86378809 388.86397776
  394.48259466 399.71697557 404.55486425 408.96610048 412.89454506
  416.26002034]
 [276.57342147 287.2496774  298.46854411 309.39602425 319.63535487
  329.28275817 338.47819858 347.26542888 355.64383285 363.61394489
  371.17963512 378.34953364 385.13080348 391.52981844 397.55087967
  403.19577616 408.46163433 413.33552149 417.78591447 421.75443343
  425.15785062]
 [283.75233021 294.41089896 305.59630675 316.49349553 326.71362037
  336.34902582 345.53555998 354.31593589 362.68993831 370.65857421
  378.22611216 385.40158887 392.19237417 398.60505145 404.6440936
  410.31134658 415.60377271 420.50791205 424.99117049 428.99339387
  432.42891973]
 [289.62056646 300.27595462 311.45476464 322.34457646 332.5579391
  342.18714322 351.36824869 360.1447041  368.5170479  376.48679632
  384.05855091 391.24166818 398.04366915 404.47127763 410.52906735
  416.21888547 421.53750772 426.47097648 430.98572811 435.02002193
  438.48602434]
 [294.44761194 305.10418154 316.28475816 327.17508582 337.38730803
  347.01467386 356.19447922 364.97118769 373.34604998 381.32105313
  388.90110751 396.09582827 402.91286202 409.35901314 415.43887586
  421.15421778 426.50156429 431.4664256  436.01427239 440.08182431
  443.57916241]
 [298.43544383 309.09475632 320.28033993 331.1748842  341.38967271
  351.01923535 360.20230773 368.9842935  377.36701731 385.3528515
  392.94695698 400.15910754 406.99701204 413.46746291 419.57496692
  425.32110595 430.70206305 435.70274377 440.28759979 444.39177428
  447.92324071]
 [301.77662877 312.43992299 323.63315864 334.5351446  344.7560757
  354.39209044 363.58354248 372.37669937 380.77381368 388.77752659
  396.39314822 403.63046808 410.49715638 416.99987575 423.14292328
  428.92758013 434.34958288 439.39313251 444.0215519  448.16827281
  451.73900086]
 [304.64891046 315.31706177 326.51988346 337.43186964 347.66215737
  357.30888202 366.51422378 375.3252601  383.74449442 391.77463183
  399.42092159 406.69293435 413.5981267  420.14287566 426.33113847
  432.1637905  437.63603158 442.7312621  447.41154667 451.608417
  455.225063  ]
 [307.20850821 317.88197198 329.09552508 340.01941828 350.26208648
  359.92409333 369.14962324 377.98645443 386.43705221 394.50381996
  402.1915757  409.5093163  416.4640353  423.06164914 429.30566829
  435.19650472 440.72878509 445.88505934 450.62603169 454.88114641
  458.5508056 ]
 [309.59342375 320.2721725  331.4968749  342.43444082 352.69337722
  362.37694843 371.63116626 380.50406685 388.99751677 397.11304499
  404.85453578 412.22998005 419.24567204 425.90695238 432.21686707
  438.17540917 443.77669699 449.00247026 453.81204419 458.13264339
  461.86164735]
 [311.92354722 322.6070479  333.84286276 344.79675044 355.07855299
  364.79395661 374.08970272 383.01286328 391.56367834 399.74204602
  407.55042516 414.99542775 422.08260685 428.81680407 435.20075825
  441.23424424 446.91107495 452.21234083 457.09604559 461.48715858
  465.27989042]
 [314.29278307 324.98007149 336.22701106 347.20208093 357.51818356
  367.28209964 376.63862005 385.63136976 394.25731897 402.51392208
  410.40198867 417.92665638 425.09312791 431.90616403 438.36860227
  444.48038265 450.23535862 455.61425312 460.57394851 465.03723961
  468.89514402]
 [316.75715613 327.4470453  338.70587904 349.71056636 360.07908469
  369.91643531 379.36060495 388.44765195 397.16899408 405.51902164
  413.49728734 421.10790692 428.35680013 435.24952807 441.78970839
  447.97798596 453.80869923 459.26256453 464.29561811 468.82866923
  472.7496502 ]
 [319.31907118 330.01046324 341.28334541 352.33024572 362.77617843
  372.71972163 382.28489791 391.49446372 400.33156868 408.78742846
  416.86165722 424.55856051 431.88663839 438.85360797 445.46476176
  451.72205007 457.62074196 463.14190611 468.2410358  472.83722045
  476.8155377 ]
 [321.90662282 332.59879661 343.88915916 354.99324616 365.54453312
  375.62934368 385.34930573 394.70744371 403.6760515  412.24378075
  420.41252332 428.18866766 435.585712   442.6151339  449.28481641
  455.59851791 461.55275725 467.12921624 472.28311107 476.93211696
  480.95879834]
 [324.36369552 335.05640392 346.36760679 357.54118254 368.21946567
  378.47121876 388.3685434  397.88962983 406.99433168 415.66996032
  423.92317764 431.76448489 439.21461163 446.29014297 453.00218758
  459.35654452 465.35107068 470.96815556 476.16292324 480.85195635
  484.91575223]
 [326.48400154 338.81767577 353.104494   366.68758069 378.53136966
  389.16852753 399.1592831  408.69046842 417.77655273 426.4217927
  434.63704929 442.43709348 449.84690933 456.88650365 463.569626
  469.90408679 475.88918647 481.50808606 486.71574899 491.42732525
  495.52039637]][[394.51103906 404.51260666 414.43150746 424.11303314 433.4259264
  442.30343034 450.72943609 458.7153623  466.28432259 474.18517129
  481.3595632  488.84034613 495.63150615 502.37855063 508.7936964
  514.61832969 520.65111543 526.38914885 531.84789217 536.54619706
  541.65446543]
 [404.60616541 414.65700883 424.66602746 434.42126491 443.7681568
  452.653337   461.07668849 469.05695191 476.61931107 483.79122284
  491.26528612 497.97987674 504.7248455  511.13788411 516.85128554
  522.88257306 528.61905051 534.07618739 538.67488022 543.78220748
  548.6255163 ]
 [414.66460967 424.74313208 434.80140833 444.59329581 453.95036376
  462.82710789 471.23339022 479.19322813 486.73379057 493.88311106
  500.53606917 507.27777577 513.6876211  519.27279837 525.30169709
  531.03579549 536.49055048 540.94144235 546.04720734 550.88892503
  555.45609219]
 [424.21005741 434.28349324 444.3293171  454.10211375 463.43279843
  472.27511678 480.64034656 488.55530918 496.04960861 503.15242728
  509.89049326 516.2967922  521.80742176 527.83352578 533.56492785
  539.01701568 543.34169024 548.44551352 553.28530729 557.85056809
  561.15236007]
 [432.91779717 442.97658209 452.98994955 462.72016316 471.99951635
  480.77912523 489.07146133 496.90811996 504.32350943 511.34954874
  518.01359574 524.34849078 530.37153625 536.09993464 541.54908623
  545.82195227 550.92344108 555.76103045 560.32415671 563.52067973
  567.69335385]
 [440.83550168 450.88321829 460.86757775 470.54942547 479.75818864
  488.44447451 496.62666048 504.34580203 511.64472985 518.56037671
  525.12174317 531.36194373 537.29613697 542.93941667 548.30536859
  553.40420483 558.23922099 562.79988614 565.96469218 570.13538532
  573.92469161]
 [449.3925134  459.29465023 468.96146838 478.18827121 486.8874692
  495.07270207 503.4847772  511.0474003  518.19267984 524.96487032
  531.39576477 537.51942323 543.34848076 548.89540459 554.1714475
  559.18484802 563.9370641  568.41571586 572.58414774 576.3713717
  578.69195442]
 [457.74534079 467.34408774 476.54960435 485.25141378 493.4398157
  501.91083294 509.47235562 516.61551092 523.38523754 530.7198457
  536.99451797 542.98072615 548.68863834 554.12809154 559.30792861
  564.23423771 568.90636171 573.3097602  577.4060117  581.12360052
  584.36005152]
 [465.68413958 474.84832684 483.53456323 491.72062348 500.26277036
  507.82384312 514.96528174 521.73311522 529.12703273 535.39916334
  541.38289319 547.87468772 553.4448937  558.76419438 563.83942556
  568.67466472 573.26705952 577.59967017 581.63190734 585.29103089
  588.47487437]
 [473.06384213 481.73184414 489.91052963 498.53306941 506.09333074
  513.23340699 519.99965224 527.4647317  533.73461968 539.71630249
  546.26574691 551.83339405 557.15025586 562.93872708 567.90044667
  572.63952009 577.1509578  581.41516368 585.38887098 588.99738134
  592.13786562]
 [479.84863612 488.02098987 496.71836869 504.27650052 511.41532721
  518.18030053 525.72420879 531.99224341 537.97222703 544.59002885
  550.15544407 555.47032037 561.31412696 566.273413   571.01021271
  576.20903705 580.63476529 584.8284371  588.74368469 592.30323892
  595.40294888]
 [486.80161311 494.82640811 502.38178524 509.51940523 516.28347397
  523.90032089 530.16697456 536.145642   542.83913122 548.40274211
  553.71600196 559.62543192 564.5826234  569.31759517 574.56953961
  578.99304778 583.79676447 587.91517462 591.7682915  595.27607133
  598.33284072]
 [493.25164157 501.09655935 508.46081127 515.41113335 522.00105328
  528.2668464  534.24466196 541.00815353 546.57046332 551.88250047
  557.86460933 562.82015207 567.55368798 572.86869169 577.29037211
  582.14548204 586.26172094 590.74349824 594.52839461 597.97847771
  600.98691733]
 [499.2773945  506.92006185 514.0689183  520.80728351 527.19904031
  533.28522246 539.10483331 544.66633294 549.97757507 556.02690575
  560.98125128 565.71368538 571.09854282 575.51878277 580.43494568
  584.54938812 589.08088262 593.36802655 597.07713826 600.46153241
  603.41412681]
 [504.96034666 512.38925816 519.30940892 525.82101801 531.99862443
  537.88856803 543.53367871 548.94173817 554.11971336 559.07329358
  563.80499708 569.25441966 573.67362478 578.65743698 582.77056674
  587.3611985  591.69684748 595.82531477 599.45017393 602.75981695
  605.64813461]
 [510.34341745 517.55550931 524.24190153 530.51930591 536.47291763
  542.154843   547.61256825 552.85422723 557.88693687 562.71613663
  567.34343307 571.76198315 576.80829084 580.92052311 585.57669654
  589.97005339 594.14584512 598.13088871 601.66309652 604.88919756
  607.70533443]
 [515.4633319  522.46197701 528.91582328 534.95732525 540.6823392
  546.14931107 551.41116825 556.47733477 561.35585925 566.05247815
  570.56817432 574.89439529 579.0060475  583.72272617 588.17996253
  592.4120145  596.44318967 600.27774976 603.71074561 606.8466708
  609.58496861]
 [520.34509309 527.13867558 533.36642914 539.17554723 544.67244952
  549.9224567  554.98463447 559.87057432 564.58987232 569.14881705
  573.54768573 577.77602121 581.80596643 586.32210288 590.6163378
  594.70226781 598.58172022 602.23621867 605.56791604 608.61157664
  611.27053925]
 [525.00024803 531.60074575 537.61340372 543.19888407 548.47367093
  553.51007618 558.37366229 563.07890266 567.63751506 572.05655388
  576.33536656 580.46116867 584.40314724 588.75473673 592.90121672
  596.83397899 600.532181   603.95781858 607.19291469 610.14876766
  612.73261042]
 [529.42765338 535.84864338 541.66026034 547.03529286 552.09933715
  556.93115099 561.6025063  566.13099198 570.53082755 574.8100689
  578.96700317 582.98616403 586.83368466 591.03604488 595.02780361
  598.77794193 602.24614516 605.386052   608.53702468 611.41673662
  613.93574594]
 [533.61307693 539.86836429 545.49450921 550.67505086 555.54371913
  560.18480393 564.67536806 569.03562654 573.2821644  577.42407642
  581.4585723  585.36747434 589.11416935 593.16727404 597.00338383
  600.60710716 603.97686059 607.11933387 610.17503283 612.9827383
  615.43986277]][[413.39373488 423.36793965 433.22849868 442.84035223 452.08112894
  460.88263479 469.23029698 477.14062592 485.00419321 492.50109694
  499.91285429 507.01206991 513.64903323 520.35363029 526.73312831
  532.80710958 538.59535705 544.08399192 549.52803866 554.71329017
  559.64552866]
 [423.28546671 433.26446955 443.13361019 452.75195453 461.99471483
  470.79506662 479.1401493  487.04729644 494.54396929 501.95506277
  509.05404536 515.68344732 522.38784698 528.76714614 534.84092857
  540.62898035 546.10675252 551.55066589 556.73578402 561.66788842
  566.3374412 ]
 [432.80708138 442.78851288 452.66107762 462.27944932 471.51695338
  480.30779844 488.64080212 496.53440541 504.01643587 511.11506042
  517.73837878 524.44247377 530.8214804  536.89497873 542.68275173
  548.14798749 553.59169432 558.77661085 563.70852008 568.3778868
  572.53567582]
 [441.68385672 451.66402587 461.53174853 471.1392009  480.35835057
  489.12406243 497.42723494 505.28836929 512.73633515 519.79923015
  526.50299131 532.88167889 538.95486904 544.7423423  550.20028918
  555.64376499 560.82846554 565.76017025 570.4293393  574.57480078
  578.83971642]
 [449.80823861 459.78556615 469.64342636 479.22997103 488.41488333
  497.13420154 505.38282408 513.18552503 520.57374996 527.5761335
  534.21784062 540.53224457 546.53764279 552.25321531 557.6964438
  562.88090835 567.81239015 572.48135172 576.62175156 580.8865194
  584.77670104]
 [457.84087673 467.68970838 477.07101053 486.62732086 495.76062666
  504.40908023 512.57437362 520.28864455 527.58819279 534.5033492
  541.05879806 547.28731527 553.20542896 558.83126401 564.18182333
  569.27045659 574.10272759 578.66903276 582.93363309 586.82366597
  589.93885642]
 [465.73811161 475.11303445 484.6678688  493.47420961 502.53868682
  511.09172538 519.14451684 526.7398123  533.92138823 540.72280835
  547.16887114 553.29203833 559.10670811 564.62954245 569.8766301
  574.86070024 579.58684784 584.0453139  588.20103358 591.98343134
  595.28763123]
 [473.15742812 482.70556789 491.512818   500.57905402 508.87861865
  517.31486436 525.22927395 532.67798822 539.71474583 546.37799032
  552.69342635 558.69362052 564.39064815 569.79943049 574.93482466
  579.80866587 584.42543317 588.7751896  592.82353699 596.50201367
  599.70969786]
 [480.73903426 489.54889883 498.61312914 506.91767404 515.35512073
  523.17188389 530.92802759 538.20825988 545.07821987 551.58271231
  557.74921318 563.61090557 569.1775365  574.46217933 579.47830967
  584.23674074 588.74128327 592.98184071 596.92468467 600.50329628
  603.62019588]
 [487.58090867 496.64127666 504.95068491 513.388373   521.21099933
  528.74389586 536.32939864 543.42680746 550.11485069 556.44582298
  562.44979982 568.16114548 573.5874608  578.74003467 583.63096319
  588.27002248 592.66035835 596.79174213 600.63110728 604.11370215
  607.14501665]
 [494.66180815 502.97804004 511.41434004 519.24333939 526.78194427
  534.36769318 541.46144366 548.36826108 554.86534146 561.01311445
  566.84488192 572.39670513 577.67435065 582.68754422 587.44716323
  591.96206355 596.23481063 600.25510259 603.99054338 607.3780379
  610.32575125]
 [500.99799654 509.43261079 517.2685776  524.81338658 532.39937809
  539.4986883  546.34218089 553.05585378 559.35804208 565.31754396
  570.97129105 576.35746036 581.4803558  586.34844234 590.97162302
  595.35801898 599.50974317 603.41649559 607.04657007 610.33846715
  613.20285665]
 [507.4433832  515.28634041 522.83793164 530.42373741 537.52952495
  544.37843213 550.98280148 557.50409956 563.61086637 569.38023424
  574.853018   580.06986594 585.03402485 589.75302793 594.23605965
  598.4906938  602.51871466 606.30988887 609.8332146  613.02875111
  615.80956778]
 [513.29681997 520.85521668 528.4403918  535.55323578 542.40845524
  549.01809971 555.39083905 561.72208596 567.63446548 573.21332371
  578.50361803 583.54886437 588.35170769 592.91906518 597.25960669
  601.3804831  605.28321794 608.95766801 612.37352804 615.47238008
  618.16960836]
 [518.86542563 526.45005541 533.56944695 540.43154226 547.04733935
  553.42521929 559.56912044 565.71302289 571.43228148 576.82041933
  581.92696508 586.79884966 591.43863808 595.85290477 600.04990034
  604.03635154 607.81348618 611.37121134 614.67988465 617.68257317
  620.29689376]
 [524.17090857 531.57884748 538.44731366 545.06980089 551.45366587
  557.60256663 563.50989989 569.46934355 574.99670269 580.19381006
  585.11543638 589.8126661  594.28857858 598.54962005 602.60356743
  606.45655103 610.1093365  613.55177339 616.75483218 619.66303319
  622.19614213]
 [529.22646195 536.45646094 543.08514856 549.47552444 555.63024889
  561.54244627 567.18662844 572.96557788 578.30332498 583.3102326
  588.04710822 592.57001767 596.88317469 600.9930456  604.90673641
  608.62945175 612.16122169 615.49169421 618.59241053 621.40932577
  623.86426542]
 [534.04030533 541.09405185 547.4904636  553.65152612 559.5693919
  565.21830768 570.9971241  576.15131999 581.30541983 586.12694749
  590.68336781 595.03638928 599.19188635 603.15641942 606.9361489
  610.53496338 613.95187317 617.17621882 620.18011837 622.91096754
  625.2925545 ]
 [538.61854549 545.49912404 551.66605731 557.59008692 563.2445149
  569.02329201 574.18202351 578.95003422 583.93350331 588.58205814
  592.96992955 597.16466014 601.17406173 605.00477657 608.66177142
  612.14732174 615.45925973 618.58662783 621.5021935  624.15481216
  626.47011304]
 [542.96348639 549.67448906 555.60423494 561.26466454 567.04341423
  572.20753395 576.97996502 581.96327152 586.61165574 590.60599718
  594.8470954  598.9042925  602.78724536 606.50256907 610.1762276
  613.44182857 616.66312045 619.7066434  622.54591702 625.1312383
  627.38989661]
 [547.06704099 553.61249273 559.27905625 565.05782775 570.2308221
  575.01731629 580.00035815 584.64847267 588.66625732 592.90672353
  596.96336865 600.84585159 604.56077816 608.21154621 611.49965318
  614.72064893 617.76386019 620.60281642 623.37113401 625.90215143
  628.11527868]][[415.51653988 425.48806048 435.34282756 444.94732824 454.1793307
  462.9698035  471.30409426 479.19953109 487.05948122 494.54087849
  501.94498333 509.02836763 515.75557588 522.3379055  528.70145823
  534.75977433 540.5324964  546.03737375 551.4206478  556.59115495
  561.51037629]
 [425.38916981 435.36108396 445.21635687 454.8206764  464.05143812
  472.83976877 481.17131333 489.06359845 496.54497358 503.94901491
  511.03237686 517.75956258 524.34117402 530.70470789 536.76300493
  542.53570784 548.04056617 553.42280874 558.59330279 563.51251088
  568.17174806]
 [434.86208535 444.83393392 454.68809411 464.28874978 473.51248901
  482.29071076 490.60991765 498.48841689 505.95487678 513.03820448
  519.76535662 526.34639034 532.70989563 538.76816471 544.54084003
  550.04567089 555.42672309 560.59719648 565.51638411 570.17560116
  574.53930061]
 [443.68286363 453.65383846 463.5038957  473.09425362 482.29983196
  491.05263747 499.34132601 507.18639675 514.617703   521.66418934
  528.35216869 534.71564252 540.77388085 546.54652588 552.0513268
  557.43168702 562.60213687 567.52130207 572.18049754 576.54417604
  580.57870505]
 [451.76587237 461.73517584 471.57752805 481.14871071 490.32062032
  499.02652995 507.25939412 515.04428034 522.41388732 529.39790144
  536.02199198 542.3195719  548.30874209 554.00857714 559.4367098
  564.60713411 569.52627441 574.18544585 578.54910162 582.58315102
  586.46963117]
 [459.74045862 469.58194846 479.15296084 488.52255768 497.64300417
  506.27725028 514.42518753 522.11948546 529.39799473 536.29236439
  542.8279617  549.03771576 554.9380432  560.54696213 565.8815342
  570.95538804 575.77460663 580.33033347 584.5876268  588.47408801
  591.88017144]
 [467.58656698 477.15687683 486.52642766 495.6470452  504.40152999
  512.939602   520.97364922 528.54705904 535.70537855 542.48374378
  548.90783563 555.0103944  560.8057619  566.3104682  571.54056608
  576.50892917 581.22102402 585.66768754 589.8145368  593.59145901
  596.89353949]
 [475.16031048 484.53002843 493.65044634 502.4053875  510.94357857
  519.14124815 527.03623661 534.46202322 541.47416126 548.11281664
  554.4047515  560.38294945 566.05947648 571.4491036  576.56658366
  581.42378774 586.02542178 590.36197653 594.39959807 598.07026722
  601.27318099]
 [482.5332256  491.65325551 500.40864548 508.94685934 517.14509903
  525.04011447 532.71031223 539.96781527 546.81304776 553.2925177
  559.43486756 565.27384374 570.8192502  576.08402578 581.0815176
  585.82250996 590.31092819 594.53695526 598.46727549 602.03577904
  605.14523015]
 [489.65527638 498.41133826 506.9494149  515.14828173 523.04332246
  530.71408307 538.08468524 545.16088967 551.82543996 558.13213276
  564.1122421  569.80084742 575.20571093 580.33804576 585.20983795
  589.83081647 594.20417867 598.31987185 602.14514349 605.61563069
  608.63716824]
 [496.4133038  504.95121422 513.15076724 521.04578861 528.71720468
  536.08835524 543.18877329 550.07709765 556.55303051 562.67817167
  568.48702502 574.01655133 579.27284351 584.26565014 589.00578423
  593.50206723 597.75709533 601.76068531 605.48069927 608.85443976
  611.79050544]
 [502.95227601 511.15251822 519.04747457 526.71960463 534.09139425
  541.19234679 548.0806543  554.74200391 561.02612805 566.96511555
  572.59715804 577.9615919  583.06328834 587.91086349 592.51420713
  596.88142699 601.01466824 604.90372626 608.51713699 611.79384006
  614.64502744]
 [509.15355155 517.04845172 524.72124336 532.09372764 539.19530214
  546.08360204 552.7454635  559.17273033 565.2648686  571.01590003
  576.4680762  581.66355461 586.60645849 591.30461541 595.76724129
  600.00191515 604.01046751 607.78276613 611.2880728  614.46695736
  617.2331083 ]
 [514.98523699 522.72219308 530.09532055 537.19757032 544.08586415
  550.74833147 557.17609644 563.3802633  569.28150658 574.8440666
  580.11460672 585.13852894 589.91968258 594.46542804 598.7845179
  602.88414637 606.76593179 610.41988252 613.81601851 616.89652527
  619.57750894]
 [520.52851514 528.09624478 535.19912072 542.08739824 548.75053368
  555.17888904 561.38354126 567.3683256  573.07990109 578.45375918
  583.54135076 588.39174851 593.00898921 597.4002473  601.57396341
  605.53703443 609.29092689 612.8258289  616.11252622 619.09478148
  621.69102104]
 [525.80647846 533.20002119 540.08827646 546.75202716 553.18103348
  559.38626117 565.37151858 571.12837976 576.65160952 581.83683983
  586.74070358 591.4163706  595.86850169 600.10431917 604.13204024
  607.95829563 611.58442126 615.00079986 618.17896996 621.06420469
  623.57711424]
 [530.83493844 538.05409501 544.75288161 551.18248661 557.38834773
  563.37416503 569.13148643 574.65469249 579.97039969 584.96868236
  589.68984808 594.19152465 598.47936995 602.56083179 606.44394545
  610.13507708 613.63544041 616.93562457 620.00790118 622.79896266
  625.23141627]
 [535.62510383 542.67252933 549.18331736 555.38976049 561.3761935
  567.1340591  572.65724851 577.97339869 582.9716591  587.80430403
  592.34805801 596.68068653 600.80908213 604.74101827 608.48436565
  612.04523846 615.42476217 618.61377049 621.58526502 624.28725759
  626.6441215 ]
 [540.18563812 547.06509693 553.39056826 559.37756712 565.13603122
  570.65921025 575.97588528 580.97412987 585.80720191 590.3509368
  594.6835482  598.81192789 602.81328066 606.60642425 610.22017768
  613.66045162 616.92835971 620.01505351 622.89428562 625.51529234
  627.80395813]
 [544.52023004 551.23548229 557.37835317 563.1373679  568.66053835
  573.97779365 578.97602629 583.80960535 588.35332408 592.68592205
  596.81429065 600.8160509  604.60918063 608.22292042 611.66318042
  614.93107407 618.12497543 621.12296038 623.9225523  626.4741097
  628.70476651]
 [548.62056845 555.17522086 561.13814329 566.66130729 571.9791656
  576.97738934 581.81180824 586.35550963 590.6880932  594.81644962
  598.81950607 602.61260862 606.22632464 609.66656403 612.93443956
  616.13048557 619.12841871 621.92796074 624.67811584 627.1746755
  629.35973305]][[415.68537782 425.65664652 435.51087895 445.11473979 454.34606157
  463.13577389 471.46921701 479.36375518 487.22328453 494.70377143
  502.10687341 509.18935886 515.91567648 522.49605257 528.85874486
  534.91620955 540.68808801 546.19213158 551.57252331 556.74223605
  561.66067903]
 [425.55609821 435.52734763 445.38132908 454.98438454 464.21416712
  473.00165232 481.33234509 489.22374844 496.70423282 504.10732763
  511.18981054 517.91612559 524.49642077 530.8591109  536.91657341
  542.68844966 548.19249102 553.57276661 558.74247782 563.66091925
  568.31941068]
 [435.02394309 444.99489294 454.84733658 464.44638653 473.66899636
  482.44634794 490.76472674 498.64238052 506.10798806 513.19046706
  519.91677826 526.49700835 532.85969521 538.91715449 544.68902754
  550.1930657  555.57320725 560.74291604 565.66135504 570.31984407
  574.68284655]
 [443.8383225  453.80843442 463.65684455 473.24566417 482.45016446
  491.20214286 499.49004517 507.33431216 514.76480654 521.81048308
  528.49765922 534.86034244 540.91779815 546.68966767 552.19370231
  557.57376596 562.74347195 567.66190826 572.32039467 576.68339457
  580.71749263]
 [451.91560561 461.88415506 471.72506292 481.2948838  490.46581859
  499.17095909 507.40308003 515.18720181 522.55603415 529.53927394
  536.16259539 542.45941796 548.44783873 554.14693164 559.57433123
  564.74403417 569.66246748 574.32095096 578.68394807 582.71799221
  586.6038742 ]
 [459.88475026 469.72556095 479.29536264 488.66422507 497.78376586
  506.41728461 514.56451266 522.25807946 529.53584715 536.42947488
  542.96433474 549.17336254 555.07297175 560.68118009 566.0150508
  571.08821492 575.9067582  580.46182892 584.71849503 588.60437464
  592.00994447]
 [467.7260813  477.29580383 486.66466107 495.78422112 504.5381372
  513.07550454 521.10886453 528.68156834 535.83917428 542.61682727
  549.04021197 555.142075   560.936755   566.44078165 571.67020905
  576.63791294 581.34936273 585.7954002  589.94165169 593.71801995
  597.01961111]
 [475.29619066 484.66506672 493.78460428 502.53857177 511.0759525
  519.27317661 527.16748522 534.59257994 541.60402547 548.24199478
  554.53325159 560.51078446 566.18665534 571.57563436 576.69247524
  581.54905081 586.15006969 590.48602737 594.52307863 598.19321884
  601.39566466]
 [482.6654269  491.78492073 500.53893878 509.07632206 517.27361039
  525.16792201 532.83775648 540.09457018 546.93912408 553.4179309
  559.5596313  565.39797419 570.94275751 576.20691821 581.2038036
  585.94419924 590.43203283 594.65749175 598.58726848 602.15526686
  605.26426997]
 [489.78514837 498.5392421  507.0766099  515.27396887 523.16828331
  530.83818118 538.20854427 545.28405355 551.94793478 558.25398677
  564.23347706 569.92148395 575.32576058 580.45751653 585.32873712
  589.94915202 594.32196063 598.43711431 602.26186821 605.73187252
  608.75298036]
 [496.53946349 505.07681256 513.2742488  521.16856103 528.83853272
  536.20895758 543.30923425 550.19685655 556.67213174 562.79665877
  568.60492914 574.13389766 579.38964432 584.38191208 589.12151232
  593.61726668 597.87177306 601.87485209 605.59437319 608.96765163
  611.90330414]
 [503.07693214 511.274446   519.16875088 526.83880296 534.20929978
  541.30963665 548.19725699 554.85853606 561.14202468 567.08043535
  572.71194045 578.07586469 583.17706243 588.02414222 592.62699149
  596.993718   601.12646858 605.01504245 608.62798276 611.90424156
  614.75502896]
 [509.27456236 517.1688609  524.83898746 532.20956249 539.30996939
  546.19758883 552.85892553 559.28621775 565.37776235 571.12827217
  576.57997124 581.77499869 586.71745695 591.41516446 595.87733493
  600.11154825 604.11963735 607.89147404 611.39632713 614.5747788
  617.34053625]
 [515.10274363 522.83909439 530.20974182 537.31022473 544.19784344
  550.85924834 557.28659664 563.49090693 569.39162651 574.9537448
  580.22388717 585.24742929 590.02819583 594.57353762 598.89220716
  602.99140237 606.87274536 610.52624819 613.92193715 617.00201034
  619.68259445]
 [520.64273659 528.20984586 535.31039925 542.19801609 548.85949617
  555.28691092 561.49127585 567.47635589 573.18751314 578.56103857
  583.64833258 588.49843246 593.11534708 597.50624317 601.679567
  605.64222446 609.39568669 612.93014291 616.21638326 619.19818409
  621.79399679]
 [525.91759736 533.3105006  540.19811491 546.85966422 553.28715222
  559.49158191 565.4767152  571.23406733 576.75701944 581.94205227
  586.84573538 591.52119362 595.97305749 600.20854734 604.23589673
  608.0617523  611.6874522  615.10337278 618.28105275 621.16578218
  623.67820543]
 [530.94310635 538.16161079 544.85976036 551.28731571 557.49181666
  563.47701295 569.23441688 574.75736623 580.0739463  585.07217736
  589.79328266 594.2948358  598.58246384 602.66362394 606.54638394
  610.23713165 613.7370725  617.03677321 620.10849873 622.89896515
  625.33083011]
 [535.73045687 542.77723497 549.28740917 555.49197558 561.47724112
  567.23470628 572.75765368 578.0742836  583.0892     587.90641082
  592.45020827 596.78278042 600.91099187 604.84264501 608.58566426
  612.14618486 615.52529929 618.7137914  621.68464681 624.38591293
  626.74203795]
 [540.28831199 547.1671559  553.4920665  559.47739573 565.23492827
  570.75787453 576.07456355 581.08952849 585.9067368  590.45053195
  594.78310197 598.93413167 602.91420654 606.70707952 610.32054461
  613.76052203 617.02805084 620.11419452 622.99267991 625.61279569
  627.90053212]
 [544.62037683 551.33508281 557.47748418 563.23507867 568.75802396
  574.07477828 579.08980071 583.90700695 588.45080027 592.78336877
  596.93444455 600.91451758 604.70738875 608.32085201 611.76082752
  615.0534573  618.22402082 621.22142369 624.02015288 626.57063969
  628.80015677]
 [548.71837356 555.2725852  561.23516585 566.75811039 572.07493248
  577.09005007 581.9072542  586.45104562 590.78361251 594.93483474
  598.91490437 602.70777256 606.32123319 609.76120635 613.0540777
  616.22463491 619.22203164 622.03475907 624.7700589  627.26546484
  629.44926509]]